19107878 116251719
19107878 347635362
19107878 29644961
19107878 29707496
19107878 59643699
19107878 21357866
19107878 46007413
19107878 65707960
19107878 17085274
19107878 529008588
19107878 779206729
19107878 16246305
19107878 17441699
19107878 253058373
19107878 16297707
19107878 17635404
14096763 35056301
14096763 16045264
14096763 417533505
14096763 237319959
14096763 350319523
14096763 110263832
20605481 22532630
20605481 104726797
20605481 296612576
20605481 156765445
20605481 15689271
59077428 93288285
59077428 24246234
59077428 15683300
59077428 327660746
59077428 20176125
59077428 43344693
59077428 14871717
39764121 28044029
39764121 67022507
39764121 241966949
39764121 3377691
39764121 21706768
39764121 120588962
20460883 21361583
20460883 23754054
20460883 20017381
20460883 23551099
20243744 242182862
20243744 70416168
20243744 449353145
45564482 33222860
45564482 772816410
45564482 494732562
45564482 20275189
45564482 18444221
45564482 231257145
45564482 23331639
45564482 48235991
45564482 31175214
45564482 16314465
45564482 36652260
45564482 15736528
45564482 572054119
45564482 67161602
45564482 15770911
45564482 18653239
45564482 262542624
45564482 30685339
45564482 854081342
45564482 26671510
45564482 18363034
45564482 488879808
45564482 19769785
45564482 28955621
45564482 177010403
45564482 30006784
45564482 34599984
45564482 297010871
45564482 104342504
45564482 45262763
45564482 15266259
45564482 21240725
45564482 207286685
45564482 56327555
45564482 19783137
45564482 314247342
45564482 30915983
45564482 54198508
45564482 46007413
96848782 222004519
96848782 45550356
96848782 310314084
96848782 15929935
96848782 159543898
96848782 17892861
96848782 30138572
96848782 71360328
96848782 342408742
96848782 35083353
96848782 28052193
96848782 30299914
96848782 68992261
96848782 57313502
96848782 23500923
96848782 14255923
96848782 47855083
96848782 122579025
96848782 176610009
96848782 38395361
96848782 144486882
96848782 37779179
96848782 17601441
96848782 485069658
96848782 18494981
96848782 9414232
96848782 144607599
96848782 195999794
96848782 47485343
96848782 17084136
96848782 18960133
96848782 16344952
96848782 15303994
168912732 245492445
168912732 19786795
168912732 33422224
168912732 65894338
168912732 881126774
168912732 84926600
168912732 19131795
168912732 22777708
168912732 359446763
168912732 15412641
168912732 125524026
168912732 22802715
168912732 606702523
168912732 69818419
168912732 17026589
168912732 386330129
168912732 20071545
168912732 25493122
168912732 29716998
168912732 35824740
168912732 483284122
168912732 69579819
168912732 36841912
168912732 18079505
168912732 24955599
168912732 154498853
168912732 15200719
168912732 25695701
168912732 24974925
168912732 54201256
168912732 284836217
168912732 19319564
168912732 15489945
168912732 15463610
168912732 826211341
168912732 56163721
15684633 84926600
15684633 734162341
15684633 103652294
15684633 6035812
15684633 19087651
15684633 27234566
15684633 6394142
105196803 416040762
105196803 62266015
105196803 333867889
161319475 581333549
161319475 248832710
161319475 43354788
161319475 14916133
161319475 148237169
161319475 32478031
16031631 25178673
16031631 15582637
34126592 322487894
34126592 59321313
24405414 20739860
24405414 34347932
24405414 457731091
24405414 445748390
24405414 141801614
24405414 77039209
24405414 5843452
24405414 18435438
24405414 21627107
21323268 60012064
21323268 31111842
21323268 14990313
21323268 49923486
21323268 33901353
21323268 302757505
21323268 35876056
21323268 359589477
21323268 363124202
21323268 384142345
21323268 143346221
21323268 422252022
21323268 20020621
21323268 1592211
21323268 60842074
21323268 15773025
21323268 14253476
21323268 17205630
21323268 96461383
21323268 97229045
21323268 56813132
21323268 94934059
21323268 26346347
21323268 15575993
21323268 23472104
21323268 237020412
21323268 350004770
21323268 270163935
21323268 29200457
21323268 132011456
21323268 22575677
21323268 280601129
21323268 67169191
21323268 42326387
16357245 24614954
16357245 309666265
23457492 38638751
23457492 193549014
23457492 19046539
23457492 25516222
23457492 34655333
23457492 23008498
14096763 885238813
14096763 15025208
14096763 19664650
14096763 453502427
14096763 396294628
14096763 12670632
14096763 23027160
14096763 334341055
14096763 226678656
14096763 14197312
164929952 25428214
164929952 256893948
164929952 50050358
164929952 216613731
164929952 256342095
164929952 243665968
164929952 12750
164929952 459939399
6730222 250684289
6730222 32887882
6730222 120802990
6730222 366164626
6730222 21055609
6730222 87288368
6730222 175966035
6730222 20445228
6730222 229722401
6730222 19079350
6730222 396294628
6730222 325594003
6730222 16357757
6730222 180632169
6730222 24439125
6730222 18737815
6730222 31404130
6730222 17060573
6730222 14185058
6730222 17821713
6730222 14110687
6730222 18032796
6730222 6472282
14326805 238862918
14326805 22954764
20071863 20845597
20071863 236649070
20071863 24501756
20071863 59999750
20071863 19362302
20071863 52788040
20071863 325047580
20071863 91002247
71349174 389886181
71349174 26209117
71349174 35094823
71349174 74639238
71349174 101866959
71349174 72473481
71349174 56875331
71349174 28640480
71349174 111577681
71349174 14357989
71349174 328767312
71349174 77380594
71349174 112816663
71349174 294053762
71349174 16138831
71349174 14185058
71349174 19951102
71349174 16261564
71349174 565930344
71349174 87289614
71349174 15567917
71349174 17909256
71349174 289603416
71349174 15700239
71349174 549429477
71349174 236026761
45564482 164380239
45564482 34426432
45564482 165580037
45564482 33540304
45564482 8059162
45564482 20151744
45564482 312168671
45564482 24333496
45564482 17167045
45564482 601095768
45564482 11650472
45564482 42063713
45564482 239144125
45564482 94373057
45564482 631635474
45564482 24913479
45564482 175176750
45564482 79594426
45564482 18057356
43433353 17346158
43433353 253647516
82169273 156372852
82169273 534368971
82169273 245029812
17519205 10904452
17519205 258188346
17519205 120174828
17519205 133747606
17519205 255499130
17519205 465792758
17519205 269636688
22931893 18618463
22931893 20421097
22931893 14186393
22931893 98006937
22931893 326957691
22931893 288924132
22931893 75797367
22931893 72842277
45564482 19092972
45564482 109773000
45564482 557399205
45564482 32775800
45564482 16265104
45564482 572054119
45564482 111768843
45564482 94373057
183675164 86633872
183675164 27484433
183675164 159594710
183675164 76936513
183675164 23611105
183675164 384612332
183675164 411192413
183675164 180157755
183675164 34138293
183675164 213567402
183675164 138849065
183675164 242591098
183675164 48815641
183675164 18654020
183675164 141393500
183675164 55373374
183675164 199105536
183675164 331931065
183675164 27767766
183675164 81917907
183675164 481211255
183675164 163211299
183675164 229953091
183675164 17171518
183675164 163951409
183675164 43763821
183675164 334143648
183675164 27313762
183675164 17740608
183675164 21433709
183675164 16229694
183675164 343165809
183675164 193384741
183675164 42649903
183675164 40337917
183675164 14803640
183675164 53232465
183675164 28516655
183675164 16653998
183675164 56754903
183675164 205453635
183675164 480739687
183675164 18938072
183675164 87850678
183675164 92455894
403853462 30949620
403853462 119664785
112255972 19856179
112255972 18268138
112255972 56223346
112255972 16279800
112255972 28457219
112255972 23782099
112255972 331332586
112255972 55853059
112255972 28463684
112255972 126211576
112255972 50966041
112255972 42351732
112255972 16502238
25928973 60609166
25928973 525963612
25928973 1709721
25928973 184442329
25928973 17365728
25928973 85468228
45564482 386238708
45564482 96515533
45564482 390789622
45564482 122387181
45564482 454289816
45564482 563784124
45564482 77896303
45564482 18317918
45564482 32977564
45564482 30312254
45564482 17409798
45564482 62716469
45564482 45233046
45564482 284334848
45564482 439983001
45564482 58883603
45564482 21573135
45564482 239144125
45564482 22575677
45564482 148753152
45564482 15356187
45564482 18168947
45564482 19672167
45564482 23804393
45564482 17181416
45564482 112343091
45564482 58252444
45564482 71136643
45564482 17060573
45564482 50839570
45564482 20867110
45564482 18920366
45564482 871134870
8383592 41302693
8383592 206147692
8383592 820390488
8383592 14259241
8383592 88353570
8383592 112804230
8383592 15938922
8383592 24613288
8383592 22027114
8383592 478602651
8383592 8597632
8383592 145764905
8383592 731557076
8383592 20138661
8383592 15208877
8383592 24483933
8383592 394359079
8383592 27979860
8383592 163422349
8383592 25411140
8383592 394466546
8383592 15204343
8383592 129836379
8383592 18747951
8383592 17937490
8383592 32881697
8383592 19895800
8383592 334212614
8383592 54446662
8383592 241414754
8383592 90576806
8383592 29976031
8383592 15785618
8383592 2225051
8383592 462656138
8383592 17467667
8383592 55939628
8383592 407440890
8383592 351042945
8383592 33299175
8383592 22239035
8383592 15103535
8383592 17730930
8383592 226271084
8383592 14248740
541345665 61992576
541345665 69838887
541345665 94209518
541345665 467087095
541345665 119217626
541345665 104803046
541345665 149374739
541345665 287034128
541345665 221686033
541345665 231079847
541345665 112160958
541345665 6174502
541345665 281813715
541345665 266618263
541345665 268004833
541345665 172591237
541345665 97659623
541345665 142316190
541345665 364157743
541345665 30185845
541345665 415511763
541345665 152870121
541345665 137188570
541345665 146356083
541345665 267075142
541345665 191372217
541345665 47862907
541345665 92420307
541345665 511519816
541345665 62525372
541345665 50602986
541345665 90401289
541345665 114130432
8383592 125125101
8383592 21189762
8383592 32250581
8383592 142355939
8383592 23363012
8383592 19431392
8383592 45199165
8383592 148128127
8383592 15598129
8383592 602323555
8383592 21203700
8383592 742980338
8383592 22630846
8383592 29735800
8383592 184028646
8383592 148084463
8383592 60904365
8383592 3840981
8383592 47322457
18856867 592381506
18856867 307591077
18856867 139918079
18856867 44162044
18856867 22897632
18856867 42544176
18856867 78932665
18856867 84650836
18856867 44330585
18856867 112270280
18856867 39029243
18856867 308396313
18856867 104290707
18856867 37212081
18856867 15177712
18856867 449979614
18856867 218457044
18856867 17452651
18856867 236644333
18856867 712661461
18856867 25051316
18856867 47564983
18856867 183027334
18856867 245528678
18856867 15873406
18856867 12420452
18856867 14061445
18856867 839383700
18856867 26868816
18856867 445317798
18856867 183341278
18856867 36667308
18856867 312185502
18856867 429022137
18856867 15403079
18856867 423574278
18856867 76166323
18856867 332422642
8383592 404641323
8383592 30148535
8383592 139107760
8383592 60336774
8383592 783107664
8383592 242904398
8383592 76736871
8383592 112546892
8383592 283303882
8383592 14864368
8383592 4936091
8383592 13332242
8383592 23831660
8383592 14248740
8383592 248798509
8383592 140863840
8383592 46009249
8383592 15827727
8383592 59651402
8383592 109455180
8383592 396294628
8383592 417516965
8383592 16334480
74341562 52621432
74341562 906377792
74341562 322730881
23745072 370149968
23745072 16793572
23745072 164029981
23745072 80669530
23745072 38482819
23745072 16258968
23745072 106942163
23745072 460832103
23745072 222677093
23745072 243665968
23745072 468487089
23745072 9378802
23745072 14817520
23745072 25343700
23745072 14085367
23745072 620033039
23745072 27086926
23745072 101732242
23745072 9575562
23745072 16077204
55261443 19200072
55261443 5694932
195766432 21713505
195766432 246054012
195766432 661613
24816848 257515853
24816848 902553726
24816848 47197792
24816848 266881200
24816848 22630846
24816848 294344306
24816848 27682432
24816848 18853460
18884857 289184001
18884857 27796165
106777707 219906767
106777707 607724593
15817213 225975957
15817213 43008359
15817213 26907967
15817213 28174303
15817213 445748390
15817213 369772151
15817213 32148675
15817213 631579841
15817213 780273787
15659909 755829115
15659909 45591648
64141011 340891133
64141011 52474702
64141011 16965667
64141011 42419247
16334480 132534968
16334480 166597848
227896290 125095427
227896290 419456841
227896290 33095287
227896290 27187343
227896290 109286647
17131659 112443324
17131659 249084106
17131659 79050326
17131659 22256515
17131659 17909090
17131659 50649191
17369951 19259240
17369951 15163993
17369951 17925414
17369951 259096491
17369951 16079292
17369951 55939628
16334480 16841181
16334480 112826457
16334480 764467027
16334480 42570174
16334480 235189067
16334480 48443752
16334480 27007885
16334480 16661097
16334480 47382142
16334480 14914147
16334480 339719308
16334480 15563981
16334480 19785281
16334480 29603039
19546277 914315334
19546277 180626301
19546277 14101871
19546277 31690762
19546277 38680077
19546277 38927182
19546277 40575675
19546277 22724823
19546277 242027897
19546277 20199629
19546277 609885721
19546277 289444452
19546277 385649787
19546277 558152572
19546277 22209225
19546277 29858380
19546277 366589500
19546277 274279766
19546277 246604433
19546277 18658565
19546277 81045548
19546277 55396765
19546277 91637695
19546277 53091954
19546277 66827445
19546277 321198469
19546277 14882647
19546277 232676476
19546277 199786308
30100884 22651488
30100884 6211582
30100884 19651784
30100884 380724909
30100884 16503846
14854961 166227289
14854961 32783977
14854961 27873065
14854961 19881382
14854961 16552733
14854961 13871082
14854961 122226401
14854961 32281597
14854961 26524285
15486485 46371407
15486485 137495216
15486485 556357362
15486485 53802986
15486485 389711070
15486485 107587594
15486485 39503398
15486485 19884044
15486485 147940111
15486485 550010708
15486485 14697079
15486485 141078096
15486485 334034535
15486485 290708944
15486485 151248105
62114903 20981610
62114903 47754811
14165753 61923859
14165753 17509353
14165753 56260931
53429839 41135944
53429839 29340940
53429839 412658430
53429839 166845078
53429839 24469583
53429839 26220896
53429839 72563670
53429839 52597934
36220546 278528046
36220546 10057582
18697941 21726856
18697941 406742594
18697941 459445951
18697941 19921113
18811479 16050108
18811479 19075661
18811479 18342955
18811479 37432315
14106829 6347872
14106829 120109036
14106829 28060749
14106829 34456781
14106829 15311908
14106829 54004779
14106829 21443866
14106829 18305056
16564282 55465675
16564282 425509130
16564282 380037907
16564282 461631339
16564282 44157115
16564282 14158681
16564282 318043917
16564282 194208557
16564282 358512294
16564282 22767787
16564282 16313895
16564282 16752675
16564282 61187080
16564282 154265521
16564282 22027111
16564282 554689972
16564282 24883675
16564282 22496608
16564282 57518979
16564282 436806837
16564282 31338648
16564282 149126628
2511641 14935798
2511641 328767312
2511641 483373508
2511641 18038566
2511641 25770606
2511641 15427912
2511641 15659909
2511641 32868339
2511641 281528958
22883726 21914142
22883726 17348637
22883726 9234762
22883726 39688312
22883726 508033850
22883726 24494842
22883726 338778255
22883726 17402815
22883726 374691968
22883726 119515091
22883726 53246783
22883726 21708035
22883726 15884680
22883726 107312325
22883726 67169191
22883726 42433866
22883726 24421514
22883726 189667999
22883726 15914429
22883726 17322758
22883726 789838819
22883726 26519192
22883726 22172839
22883726 436958593
22883726 259071025
22883726 15171108
22883726 121918668
22883726 15763428
22883726 43618553
22883726 10790592
22883726 1439931
22883726 13893582
22883726 38280473
22883726 127722434
22883726 13951512
22883726 96425549
22883726 2599021
212320989 38671684
212320989 495355859
212320989 19075661
212320989 22958269
212320989 24913479
212320989 256953510
212320989 17925414
212320989 23543595
212320989 631562322
212320989 260948224
212320989 43159856
17355423 19516405
17355423 17428614
17355423 23655212
17355423 15510786
15990298 388499602
15990298 16753122
15990298 125790832
18205531 239996477
18205531 16118082
18205531 39145577
40740816 6077902
40740816 235835081
40740816 18358880
25239681 140879860
25239681 14322723
25239681 318358387
25239681 350899008
25239681 38975663
25239681 38359316
25239681 399615834
25239681 166845078
25239681 181269511
25239681 36969470
25239681 9061652
25239681 12022872
25239681 77064273
25239681 9478442
25239681 26650997
25239681 9279552
25239681 755241
25239681 38545496
25239681 402933964
25239681 94019549
25239681 21886719
25239681 22049729
25239681 29058287
25239681 16742912
21029359 122387181
21029359 271574559
21029359 22571485
9378802 59219851
9378802 180471019
23127185 20596411
23127185 423886134
23127185 91358233
23127185 252265794
17112369 65894338
17112369 251348409
17112369 27594154
17112369 27644322
17112369 22533571
17112369 33753735
17112369 22681676
17112369 223668757
17112369 25194473
17112369 43244005
17112369 47023739
17112369 2020991
17112369 113369057
17112369 16875927
17112369 19053505
17112369 12247922
15859184 546025701
15859184 612863837
15859184 208075668
15859184 15583664
15859184 14458168
15859184 271434815
15859184 18786958
15859184 15439386
15859184 18689493
19558671 7616102
19558671 39171522
19558671 19098310
19558671 20786016
19558671 270144738
19558671 135701854
19558671 98818697
19558671 34230408
19558671 334362297
19558671 232202108
9089942 227747475
9089942 259844392
9089942 193495656
9089942 97436208
9089942 17813234
9089942 47292154
9089942 43962686
9089942 52016169
9089942 76380437
9089942 39069567
9089942 181809155
9089942 192904953
9089942 68213467
9089942 23716504
9089942 339750414
9089942 38299524
9089942 774976958
9089942 38771366
9089942 22021978
9089942 41676693
9089942 46788665
9089942 122579025
9089942 14560657
9089942 272112035
9089942 15644361
9089942 278607047
9089942 28276650
9089942 27721452
9089942 448278028
9089942 26868816
9089942 55663623
9089942 26812918
9089942 226252074
9089942 325745714
9089942 120318490
9089942 18247832
9089942 235886373
9089942 26878373
9089942 19921113
130394484 297742592
130394484 42476618
130394484 380724909
27557391 266914978
27557391 38539293
27557391 56264758
27557391 38109490
27557391 36212209
27557391 28047448
27557391 193987876
27557391 33152496
27557391 19133298
27557391 181359073
27557391 25023340
27557391 17687436
27557391 26631548
27557391 766398499
27557391 24046166
27557391 47125931
27557391 14381781
27557391 408198783
27557391 18206523
27557391 14644509
27557391 39837049
16252233 133042362
16252233 333045750
16252233 65420988
16252233 23987307
16252233 47239788
16252233 78787098
16252233 26002586
16252233 28651085
16252233 15696751
16252233 16570716
16252233 421521518
16252233 17969884
16252233 124825438
16252233 20866038
16252233 194393545
16252233 115510918
16252233 16135783
16252233 163211299
16252233 26047267
16252233 17094712
16252233 22080883
25417140 14428107
25417140 7984262
22014639 497731840
22014639 48529202
22014639 610234788
22014639 78709857
22014639 243636855
17758398 17261400
17758398 60477982
17758398 550615039
17758398 69789140
17758398 158586586
16299754 86340836
16299754 80752887
16299754 299807619
16299754 168565837
52837466 15621897
52837466 16366543
14448470 11664322
14448470 131929758
18569726 46214091
18569726 31150336
110332354 293163678
110332354 481002258
110332354 102457628
14357989 88263655
14357989 96515533
14357989 21536937
14357989 20024246
14357989 434540690
14357989 14981489
14357989 46555369
14357989 389589178
14357989 16491110
14357989 327065065
14357989 42752693
14357989 567445874
14357989 18298238
14357989 38180213
14357989 63001279
14357989 23867326
14357989 40116516
14357989 21216538
14357989 276239802
14357989 21120011
14357989 102055261
14357989 26708480
14357989 15973721
14357989 11578732
14357989 489160001
14357989 23703928
14357989 831595028
14357989 313456499
14357989 77890637
14357989 172142412
14357989 22072784
14357989 567903460
14357989 22732310
14357989 362222177
14357989 18049847
14357989 37572719
14357989 232710072
14357989 151764042
14357989 74906601
14357989 586867971
14357989 52845042
14357989 21003380
14357989 37557272
16347115 45392657
16347115 50320242
16347115 717973
16347115 50652903
22571485 334751956
22571485 145889857
16582102 31443963
16582102 412658430
23255247 187365602
23255247 144325625
23255247 23217897
23255247 212133090
23255247 554806758
23255247 440372706
23255247 35916487
18641695 38329363
18641695 16014498
18641695 20955971
18641695 24608771
18641695 30451813
12034642 240282893
12034642 16620002
24816848 484080307
24816848 424435021
24816848 14735166
24816848 244321605
24816848 15450249
24816848 150353187
24816848 406010338
24816848 21888464
24816848 880549524
24816848 96120186
24816848 21255481
24816848 127015165
24816848 48414961
24816848 307153226
24816848 190697125
24816848 24360353
24816848 775229364
24816848 20592516
24816848 27148985
24816848 49717362
24816848 3375331
24816848 42794687
24816848 557372323
24816848 67085761
24816848 180538175
24816848 91015261
24816848 91708058
24816848 29491411
24816848 40056084
24816848 114487859
24816848 476046783
24816848 375363405
24816848 20752673
24816848 308858531
24816848 35347724
24816848 213150755
24816848 255804181
24816848 38088148
24816848 15046291
24816848 21658275
24816848 48474625
24816848 15963778
24816848 109404985
35292538 19920609
35292538 843755138
35292538 38439616
35292538 14194973
35292538 94858424
35292538 55640096
23255247 518954565
23255247 22805421
23255247 47618028
23255247 16386974
23255247 204534066
23255247 529008588
23255247 604698119
23255247 38213740
26209117 45009706
26209117 21683282
25020347 25624626
25020347 281220618
25020347 20621761
25020347 153457728
130033510 342772619
130033510 24128009
26003862 119217626
26003862 6174502
26003862 99990718
26003862 302444627
26003862 541345665
26003862 36263400
26003862 861455604
26003862 21978908
26003862 744087534
26003862 489901000
26003862 43337221
26003862 77600832
26003862 23342802
26003862 491271349
26003862 31885000
26003862 8991632
26003862 14962879
26003862 34394473
26003862 244236071
26003862 43583527
26003862 874594333
26003862 36158425
26003862 576010130
26003862 191961041
26003862 105544589
26003862 24754228
26003862 28435543
26003862 262039008
26003862 15705943
26003862 242602468
26003862 320473218
26003862 15798590
26003862 346673866
26003862 402713035
26003862 14277365
26003862 165997020
26003862 532585938
26003862 2377871
26003862 97276262
26003862 129441186
26003862 16828563
26003862 14108978
23465125 497343565
23465125 48223787
23465125 15982094
23465125 141801614
23465125 62825586
23465125 32625968
23465125 42080417
23465125 374549305
23465125 64233679
20820158 37152906
20820158 25081612
20820158 19362701
20820158 237774782
21845346 181261922
21845346 633315082
21845346 24480241
21845346 282060710
21845346 346410999
21845346 402933964
21845346 17587951
5548952 17046063
5548952 636689398
5548952 95104763
5548952 17897848
5548952 948221
5548952 83221847
5548952 7579292
5548952 1934671
5548952 73465014
5548952 6781652
5548952 19155657
5548952 6211582
5548952 269487196
5548952 14357886
5548952 357675942
5548952 15249011
5548952 21855539
5548952 17222403
5548952 25927763
5548952 9352852
5548952 26596282
5548952 6750312
5548952 29097764
5548952 16103311
5548952 15829574
5548952 15684633
5548952 23928626
5548952 269100664
5548952 32075280
5548952 19695998
5548952 47548777
5548952 217430745
5548952 33430344
5548952 187355458
5548952 39547278
5548952 72169722
5548952 40128318
5548952 17369951
5548952 17670252
5548952 10621932
5548952 18586056
5548952 14529836
5548952 152315167
5548952 395110569
5548952 8271262
5548952 68153
5548952 19052150
5548952 31779095
18634843 407926670
18634843 37031078
18634843 42280682
18634843 104948343
18634843 14214823
18634843 17850800
18634843 112945542
18634843 26014285
18634843 48516198
18634843 271620293
18634843 21003380
18634843 32148675
18634843 8795772
18634843 181371217
18634843 126012801
21327697 378010498
21327697 15153843
21327697 179792257
15256643 75100778
15256643 339398952
19086456 22171759
19086456 549429477
19086456 38199001
19086456 28645961
19086456 52047400
26350330 15825290
26350330 17149437
17355423 12056142
17355423 134211200
14136114 601909615
14136114 18929297
14136114 224778221
14136114 379920074
15740491 48630936
15740491 24106613
15740491 16302658
15740491 19020754
15740491 888924986
15740491 11694322
15740491 21459459
15740491 89861132
15740491 19062512
15740491 312862050
15740491 273594124
15740491 623147300
15740491 130505361
15740491 251509803
15740491 16944165
15740491 21238939
15740491 288846246
15740491 105797021
15740491 17060573
15740491 293066694
15740491 57741304
15740491 260060195
15740491 542088241
15740491 430289618
15740491 133552390
15740491 138975633
15740491 15197290
15740491 102448787
15740491 122425070
15740491 19155657
15740491 23279771
15740491 788394901
15740491 45970655
15740491 16334480
15740491 208128629
15740491 19516405
15740491 104941244
15740491 488041754
15740491 527959315
15740491 51376271
15740491 53996554
15740491 18111280
15740491 912937500
16155483 523742391
16155483 34159497
15817213 401609497
15817213 77039209
15817213 21978010
15817213 178770014
15817213 147784878
15817213 28174303
15817213 15937822
15817213 48802020
15817213 72024928
15817213 398875226
15817213 32692623
25575859 34959253
25575859 24190976
25575859 42152594
25575859 20626824
25575859 27316864
25575859 18998276
25575859 270171037
25575859 28368053
25575859 22150874
25575859 542132006
25575859 39547278
25575859 207332270
25575859 145018231
25575859 24758882
25575859 14705603
22175337 119610128
22175337 28933944
12034642 865682658
12034642 22298716
12034642 167535120
12034642 122659085
12034642 56295025
12034642 34957556
144274618 34394473
144274618 127900092
144274618 16080467
144274618 46562068
53429839 344216518
53429839 82660006
247412653 260948224
247412653 71390388
778057 45761993
778057 67169191
778057 892454018
778057 282314633
778057 40489517
778057 48754610
778057 111423859
778057 19642950
778057 19398143
778057 28343954
778057 244329107
778057 14398864
778057 20275189
778057 247594835
778057 138422213
5548952 311726511
5548952 42751260
133152120 77608133
133152120 765344293
15965292 30541534
15965292 89590908
15965292 7157552
20642310 559169403
20642310 594750453
20642310 490877205
20642310 375211256
20642310 118834067
20642310 18767190
20642310 39728961
20642310 345310907
20642310 372311921
20642310 713744126
20642310 171328269
20642310 27446788
20642310 22642734
20642310 579011069
20642310 303891453
20642310 299644995
20642310 76629394
20642310 291123294
20642310 518959191
20642310 62708326
20642310 50886156
20642310 844129855
20642310 151896482
20642310 181371217
20642310 601055545
20642310 188886514
20642310 227566483
20642310 58684655
20642310 583224035
20642310 140410249
20642310 16343441
20642310 126860005
20642310 1528701
36569864 839969844
36569864 158586586
36569864 12363972
36569864 15104107
37146259 23135864
37146259 49717362
11864172 25911379
11864172 17012177
11864172 32501058
11864172 214586287
11864172 479173516
11864172 111979969
11864172 33792345
26089693 339432172
26089693 66082360
19071682 346159955
19071682 355163433
19071682 16894222
19071682 42859824
19071682 20533931
19071682 213528909
19071682 343064472
19071682 15083402
19071682 31258874
19071682 38889417
19071682 219766225
19071682 52512365
19071682 72740377
19071682 29451855
19071682 127304741
19071682 33826393
19071682 522516282
19071682 21159536
19071682 497831527
43425975 120277096
43425975 231445570
43425975 47495234
43425975 8756802
43425975 31370199
43425975 23777840
43425975 213907149
43425975 23733847
43425975 25301125
43425975 185622716
43425975 237994971
43425975 51191573
43425975 184319435
43425975 21348270
43425975 19311958
43425975 190451878
43425975 280124009
43425975 25402805
43425975 14529836
43425975 12500342
43425975 19355886
43425975 16098834
43425975 13941812
43425975 1045751
43425975 25516934
43425975 112895255
43425975 39796874
43425975 17930295
43425975 19365985
3075021 10473902
3075021 23700532
18665952 26334924
18665952 15149123
18665952 51659495
15309804 18081086
15309804 50490940
15309804 498968683
15309804 17418867
15309804 381316900
15309804 49677474
15309804 125138810
15309804 301462302
15309804 28122513
15309804 347821517
15309804 26105238
15309804 106901519
15309804 14070152
15309804 485878650
15309804 23556721
15309804 10925812
15309804 95943579
15309804 45615753
15309804 22177859
15309804 450845753
15309804 20011270
198567904 61447504
198567904 107843399
198567904 27976553
24230748 378020707
24230748 176498614
24230748 240510443
24230748 556240436
24230748 17873082
24230748 274180808
24230748 14097712
24230748 458922683
24230748 10859102
24230748 222203908
24230748 20636964
24230748 57476069
24230748 25205919
24230748 44823212
24230748 13731602
24230748 28393734
24230748 15669985
24230748 19728313
24230748 14976193
24230748 125841630
24816848 28105955
24816848 45674543
20342387 97706891
20342387 115148632
15740491 19217918
15740491 207186596
15740491 19020754
15740491 250490825
15740491 72743116
15740491 47723572
15740491 499455731
15740491 251509803
15740491 43839405
15740491 90738770
15740491 290867280
15740491 26427202
15740491 85630170
55419844 119250564
55419844 22290255
16331756 32500155
16331756 779015046
16331756 5808642
16331756 26005866
18822640 33623630
18822640 59321313
22017602 21904990
22017602 556251832
22017602 42212356
19317442 39928780
19317442 38975546
19317442 229057367
24816848 122844690
24816848 199475140
24816848 282635105
24816848 26355772
24816848 3250841
24816848 17365683
34188939 49105184
34188939 194397716
34188939 153958444
34188939 308818865
34188939 482591300
57555058 133827728
57555058 748163
57555058 21000228
57555058 53449431
12003622 362284892
12003622 19240249
28068601 18605167
28068601 74190143
28068601 20810375
28068601 254920375
28068601 41955353
28068601 29639638
28068601 49345417
28068601 51795174
28068601 24829732
28068601 334793847
28068601 27174184
9532402 326957691
9532402 21176431
9532402 42685365
9532402 5539902
9532402 117940319
9532402 19683903
9532402 15523531
9532402 841342315
9532402 17614726
41344199 62531754
41344199 16468653
19923638 25523679
19923638 27281583
19923638 802991024
19923638 40399006
19923638 41014281
19923638 270068200
19923638 87982923
19923638 16554719
19923638 14119913
19923638 35469254
19923638 55136887
