603225110 1832181
286654612 247299000
286654612 279289365
286654612 906026803
14873618 20655220
14873618 85844581
193399985 86955052
193399985 33753735
193399985 26765383
193399985 24210401
193399985 145042035
193399985 100559783
16122204 60996623
16122204 387862060
16122204 181809155
16122204 23978578
16122204 14697079
16122204 16267717
16122204 238369902
16122204 574279451
16122204 131647769
16122204 32588345
16122204 351042945
16122204 17012177
16122204 26093063
16122204 32625968
16122204 26362666
16122204 67146757
16122204 47096359
16122204 60122066
16122204 18236427
15489945 620699429
15489945 14203269
94103524 533409964
94103524 31419010
94103524 14503633
94103524 38268825
94103524 198351663
23954775 29531324
23954775 258652863
23954775 19374805
24405414 722283992
24405414 868777117
24405414 431767505
24405414 83264193
24405414 187079980
24405414 404894692
24405414 47872750
24405414 93223785
24405414 32351089
24405414 46878174
24405414 242149597
24405414 58550784
24405414 36727958
24405414 483284122
24405414 26593129
24405414 28657802
24405414 343780513
24405414 51827732
24405414 28147099
24405414 107312325
24405414 29293801
24405414 150200507
24405414 241252136
24405414 617299845
24405414 57585780
24405414 22573995
24405414 287855101
24405414 353061542
24405414 26868816
24405414 77039209
24405414 16383235
24405414 436806837
24405414 114304755
24405414 15489945
24405414 228622419
24405414 44258730
24405414 149126628
484663513 56695483
484663513 136875812
484663513 24830707
484663513 295612817
484663513 174396163
484663513 17267745
484663513 49178887
23272173 31360081
23272173 31057364
23272173 78970308
23272173 34671618
271574559 8501902
271574559 296289112
271574559 31203804
271574559 294063352
271574559 706473090
271574559 16660402
271574559 23513837
271574559 70154131
271574559 182688994
271574559 33572013
271574559 74278098
271574559 15226873
271574559 204841620
271574559 28676185
271574559 14234828
271574559 16753122
271574559 144913045
271574559 407343524
271574559 64889506
271574559 17684135
271574559 372961729
271574559 32730422
271574559 40888536
271574559 297091985
271574559 127289951
271574559 23805874
271574559 24216002
271574559 798296930
271574559 816002630
271574559 29564803
271574559 22209225
271574559 150200507
271574559 15288968
271574559 117635957
271574559 339966728
271574559 41391869
427865020 29707496
427865020 376721174
17568791 17195125
17568791 23282376
17568791 225618759
17568791 114240489
17568791 24542564
17568791 6425892
17568791 22548590
17568791 15727458
17568791 301108020
18858956 18385158
18858956 59583520
128641320 140529597
128641320 54713427
128641320 73025974
128641320 467257261
24964555 41434212
24964555 342195342
860652794 867440215
860652794 783046681
860652794 218198776
860652794 377062595
860652794 279277725
860652794 568650952
860652794 15361862
860652794 103247646
860652794 16146535
860652794 393549100
860652794 478189025
860652794 761940349
860652794 465833678
860652794 445946020
860652794 436806837
860652794 18858050
45086371 241828965
45086371 27609219
45086371 9378802
263000823 276590696
263000823 16870451
263000823 66460052
263000823 52247328
263000823 15962234
43433353 385302279
43433353 89052670
43433353 128917051
43433353 16495147
20655301 741801752
20655301 15593503
23079167 260592801
23079167 15149530
23079167 244814397
23079167 18774059
299581656 19348677
299581656 23066138
299581656 413448193
299581656 77039209
299581656 461631339
299581656 354643277
54343869 200426450
54343869 41746632
45564482 30659258
45564482 19829531
45564482 63318844
45564482 576736208
45564482 133027464
45564482 45086325
45564482 184855861
45564482 472977855
45564482 457297688
45564482 511370386
45564482 37696866
45564482 35471154
45564482 33862575
45564482 448195326
45564482 22558883
45564482 718660207
45564482 21416321
45564482 635783255
45564482 40750575
45564482 120802990
45564482 109066347
45564482 42361954
45564482 46261060
45564482 607429733
45564482 194192794
45564482 458776328
45564482 249462244
45564482 175966738
45564482 47322236
45564482 47419539
45564482 23136819
45564482 17856044
45564482 206395703
45564482 15212519
35469930 47863230
35469930 391464284
171656520 22448293
171656520 32522055
171656520 607551960
171656520 451158077
171656520 415001869
171656520 591598578
171656520 14270999
26790407 231410758
26790407 176819797
413279556 16273841
413279556 16617478
188850279 63275666
188850279 602453841
596113599 907125277
596113599 915636746
596113599 72360084
596113599 490773350
596113599 256705297
596113599 156235859
596113599 869083152
596113599 278799943
596113599 337157679
596113599 36235173
596113599 880153514
596113599 25000869
596113599 15408533
596113599 330995706
596113599 750418782
596113599 203595131
596113599 581240066
596113599 80997068
596113599 456360178
596113599 246881300
596113599 31292425
596113599 250631499
596113599 850103514
596113599 32223667
596113599 47064675
596113599 21834150
596113599 6902832
596113599 397688811
596113599 170375405
596113599 23883872
596113599 27403596
596113599 17113777
596113599 153007448
596113599 133518359
596113599 275322316
596113599 520693357
596113599 80943115
596113599 444440837
596113599 830710657
596113599 27092037
596113599 17488705
596113599 40518523
25685496 111342339
25685496 16403134
25029081 19040480
25029081 415266044
117473273 912009037
117473273 270817611
117473273 787858740
634274088 342864274
634274088 316846278
260370271 56261729
260370271 42335121
260370271 21715730
16589148 51442316
16589148 22118400
16589148 85192490
16589148 98869258
16589148 174649888
16589148 18475861
16589148 110631887
349177459 28319725
349177459 253522565
192118878 865613538
192118878 185811006
15871628 17433842
15871628 23395385
15871628 64278098
15871628 382827319
15871628 46901153
373157754 437282093
373157754 72943129
373157754 290708944
28858912 98716584
28858912 312694687
28858912 101084228
25928973 40780095
25928973 218026596
25928973 347652514
25928973 348027109
25928973 370185655
25928973 157129456
25928973 201517147
25928973 73399706
25928973 391735201
25928973 485428919
25928973 90464993
25928973 24337218
25928973 178883076
25928973 822190706
25928973 243853236
25928973 73090685
25928973 191542056
25928973 31057456
25928973 16279403
25928973 48216364
25928973 408881479
25928973 208757276
25928973 14238934
25928973 17365728
25928973 18265385
25928973 244333941
25928973 54264864
25928973 398725503
75136923 67944873
75136923 151288676
548185793 34924455
548185793 78819167
14096763 366164626
14096763 522319081
14096763 82660006
14096763 16297707
331025185 22503993
331025185 89757032
860652794 146552379
860652794 348674717
860652794 527959315
860652794 221530709
860652794 49780115
860652794 286896881
860652794 119936764
860652794 244742201
860652794 248298982
860652794 32678009
860652794 6392972
860652794 28026990
860652794 21970894
860652794 14256164
433828571 756190783
433828571 613632476
36491863 108493823
36491863 246429518
603038797 19155657
603038797 21345758
14877389 119617808
14877389 110129009
14877389 417692940
14877389 295504282
14877389 17373593
17235315 17059598
17235315 17956708
17235315 250912045
159543898 83563538
159543898 278611815
279390084 553055996
279390084 460745885
279390084 63019227
279390084 16482648
279390084 70834996
279390084 49058984
279390084 319258790
279390084 307168998
279390084 27875253
279390084 55550401
279390084 129995710
279390084 27578839
279390084 387692174
279390084 27183984
279390084 20620564
279390084 130979029
279390084 18869231
279390084 253242247
279390084 175490956
279390084 208301141
279390084 50944187
279390084 906008066
279390084 896474042
279390084 262338851
279390084 391454776
279390084 502181077
279390084 75768967
279390084 325881418
279390084 47469783
279390084 94926012
279390084 156254392
279390084 14393539
279390084 61649989
279390084 73245990
279390084 22339474
279390084 15516208
279390084 25978996
279390084 798486930
279390084 340767258
26532027 25929965
26532027 39276928
26532027 67997745
22247435 110383462
22247435 782644374
22247435 35482645
42977712 65269134
42977712 41809046
42977712 44419120
42977712 254873310
42977712 61411422
42977712 59192970
42977712 27777659
42977712 616827065
42977712 37528682
42977712 43940861
42977712 424637187
42977712 29251753
42977712 149591743
42977712 332446086
42977712 22074086
42977712 67219161
42977712 158868342
42977712 65145674
42977712 23609712
42977712 135216102
42977712 73755140
42977712 506493991
42977712 26027647
42977712 259353669
42977712 50356281
42977712 238793775
42977712 32939702
42977712 190524387
42977712 252457122
42977712 21818760
42977712 260332474
42977712 80972949
42977712 243739078
42977712 22600289
42977712 62700965
42977712 235240834
42977712 21990016
42977712 837039660
42977712 24599065
42977712 179745826
11578732 43337849
11578732 14574055
11578732 895484125
269636688 134430704
269636688 94247487
269636688 188222431
233069337 211232473
233069337 331184232
185027140 25939981
185027140 239517715
185027140 56120214
415650747 379798230
415650747 21895603
415650747 86195938
14180491 14256367
14180491 9462812
14180491 232391471
284885422 258390253
284885422 327220305
284885422 277132286
284885422 268607705
284885422 889335242
284885422 187355458
617777020 197305360
617777020 156206537
617777020 170196523
617777020 14256164
617777020 83542278
105148135 456193676
105148135 215793309
19247625 559876568
19247625 108826934
19247625 155007887
19247625 15615035
19247625 69374550
524777497 191915936
524777497 66409685
335369838 87634315
335369838 30793131
335369838 223930085
335369838 48438382
335369838 755829115
335369838 17375057
335369838 753559124
335369838 306844046
335369838 240378258
335369838 352888928
335369838 18770966
335369838 116321560
335369838 31138982
335369838 403181460
335369838 26626927
335369838 16393459
335369838 453030173
335369838 302735396
335369838 254673931
335369838 372303713
335369838 395911020
335369838 92432954
335369838 83626284
335369838 277066640
335369838 421902512
335369838 16191824
335369838 254821610
335369838 417443076
16139971 102183707
16139971 60124068
16139971 468624582
40319965 147373761
40319965 198133605
40319965 20882829
124006701 50923114
124006701 46333792
21357866 19103093
21357866 91421990
28018958 440433547
28018958 159095242
28018958 34486207
27452559 455152067
27452559 464807709
43412697 50780223
43412697 14522779
43412697 110355023
43412697 818445422
43412697 122579025
75712842 716198154
75712842 43785719
75712842 15373497
20252085 44400900
20252085 198790634
20252085 41719390
20252085 80128540
20252085 18564980
20252085 36969470
15641893 15116801
15641893 433655904
15641893 99305539
15641893 161319475
15641893 38502411
15641893 19788419
15641893 39757022
15641893 9172942
15641893 16262755
15641893 74753973
15641893 830047142
15641893 69437057
15641893 268654812
15641893 16368643
15641893 59321313
15641893 17347491
15641893 16333468
15641893 18493147
24396320 204153215
24396320 24758882
20963461 30150174
20963461 902581254
20963461 309747055
20963461 24920057
20963461 18540031
20963461 26156958
20963461 17351982
20963461 27683895
20963461 322088709
20963461 151730271
20963461 205453635
20963461 28347411
20963461 18699812
20963461 93592895
20963461 16296574
20963461 26604863
20963461 86002394
28729277 181226587
28729277 239574055
28729277 61028779
16281260 313938859
16281260 50122913
425422583 353245169
425422583 22236071
425422583 561427871
299581656 24220438
299581656 17598924
299581656 33623858
299581656 28566121
299581656 64018711
46761204 275235466
46761204 261468613
19826122 80919423
19826122 14246323
19826122 20946867
19826122 145764905
19826122 14082383
19826122 11864172
19826122 49442305
19826122 62983425
19826122 275393723
19826122 7215402
66785338 906377792
66785338 149622466
715244532 801581689
715244532 603788817
715244532 753817788
27073265 137036008
27073265 38369949
27073265 39009513
27073265 18055424
53130511 83925603
53130511 187657428
361230803 362263254
361230803 132999395
361230803 15304262
361230803 50011708
14326805 523907413
14326805 486964841
14326805 15090498
9378802 246614123
9378802 138905036
3839 45973469
3839 45981698
3839 4450541
405970201 18883652
405970201 39311859
21327697 212968729
21327697 25953981
21327697 35002876
20693683 906377792
20693683 24919472
18736115 26262618
18736115 47476972
18736115 378697000
18736115 22769373
18736115 15676944
66591709 30865279
66591709 526723628
66591709 26837228
66591709 10712602
66591709 108299007
17060573 97613140
17060573 12289162
17060573 21914142
17060573 58311658
17060573 14818598
17060573 816287
17060573 57732058
17060573 119017921
17060573 121300579
17060573 796793366
17060573 16061079
17060573 485958942
17060573 258650445
17060573 69613981
17060573 85994166
17060573 68460257
17060573 304967375
17060573 44702123
17060573 15171108
17060573 264242966
17060573 2236531
17060573 298401561
17060573 7567
17060573 547011049
17060573 249116152
17060573 337216540
17060573 329171228
17060573 95747938
17060573 376070083
17060573 105235542
17060573 20561534
17060573 22532630
17060573 168645875
17060573 757549340
17060573 85016689
17060573 388088647
17060573 20597263
17060573 18442180
17060573 14103289
21384333 21429517
21384333 23550489
257276187 289087996
257276187 24872938
18602254 28665671
18602254 94745991
122226401 26781526
122226401 227179643
122226401 83195895
122226401 22230536
122226401 29315629
122226401 106934347
122226401 6425892
122226401 22548590
122226401 21345227
122226401 799302
122226401 326930959
122226401 46605827
122226401 237134178
122226401 76369912
122226401 424734206
122226401 16630150
122226401 257269240
122226401 321713415
122226401 18587030
122226401 388768730
122226401 22227913
122226401 58339695
122226401 92157633
61111615 540819919
61111615 18586710
61111615 28022718
61111615 463320072
61111615 173387492
61111615 262302919
61111615 16677622
61111615 42065751
61111615 132338197
61111615 245149762
61111615 177592281
61111615 25170657
61111615 368966728
21361003 137068935
21361003 71381174
15224727 14551932
15224727 224307254
17199609 16790655
17199609 25907493
17199609 18427541
17199609 21900520
17199609 725213
17199609 119126557
17199609 43343798
17199609 90035806
17199609 93673601
17199609 23279771
17199609 318018593
47619484 65918677
47619484 58964553
47619484 251781865
17502416 363226550
17502416 14839302
17502416 258909040
17502416 199101130
17502416 35121541
17502416 234179187
17502416 267257894
17502416 72563670
17502416 9733782
17502416 557328983
17502416 79264841
20309814 24346535
20309814 472885253
20309814 351828726
20309814 500208373
661613 393560521
661613 65569424
212711543 470669935
212711543 490645189
212711543 44294390
212711543 6057252
212711543 132541554
212711543 555591306
212711543 64037081
212711543 384596860
212711543 78009336
212711543 146940454
212711543 150422876
212711543 28910724
18884857 23342802
18884857 146252561
18884857 26021118
18884857 458895728
18884857 16077009
18884857 175966035
18884857 242400453
18884857 913572649
18884857 128220516
18884857 17313899
18884857 25724507
18884857 19329709
18884857 311006996
18884857 476321641
18884857 250635492
18884857 240777382
18884857 14938215
18884857 50952615
18884857 31391307
18884857 370837700
18884857 9863872
18884857 903227209
18884857 62672548
18884857 238261737
18884857 266833784
18884857 396309279
18884857 15169854
18884857 38693019
18884857 42832772
18884857 2377871
18884857 15831148
18884857 124339940
18884857 144607599
18884857 165088789
18884857 26248473
18884857 300464107
18884857 14506906
18884857 15460468
18884857 16688724
18884857 16332864
18884857 241983693
18884857 96809795
18884857 33793291
18884857 19999450
23826680 149832466
23826680 282371758
23826680 11351
23826680 5138611
23826680 90982922
23826680 188856301
23826680 465098143
23826680 268931309
23826680 23897833
23826680 66250192
23826680 256210158
23826680 16373856
23826680 22126188
23826680 15423888
23826680 22806027
23826680 19432346
23826680 192540413
23826680 414939870
23826680 18737621
23826680 273683993
23826680 15138022
23826680 17840799
23826680 15833737
23826680 48093881
23826680 19284422
23826680 238718627
23826680 11057952
23826680 1399381
23826680 377679989
23826680 147489180
23826680 15384976
23826680 14153937
23826680 179503287
23826680 15271186
23826680 15123599
23826680 20820321
23826680 86649839
23826680 28049003
23826680 247872733
23826680 91032729
23826680 95804736
23826680 16893358
23826680 15124662
23826680 45983649
27796165 149403105
27796165 26597170
27796165 524784670
27796165 28712818
27796165 55593392
27796165 120966624
27796165 251879853
27796165 442904802
27796165 354627128
27796165 24065160
27796165 16799088
27796165 120895315
27796165 61200893
27796165 16571605
27796165 281112535
27796165 213889067
27796165 823597586
27796165 148756631
27796165 32232602
27796165 87827628
27796165 94728389
27796165 14220256
27796165 15101942
27796165 73286644
27796165 118273591
27796165 21880622
27796165 29756321
27796165 122138683
27796165 400265171
198020721 169492705
198020721 225175037
198020721 50186721
198020721 28140635
198020721 15868503
198020721 133545597
198020721 204416862
198020721 46909777
198020721 24220329
198020721 14220065
198020721 867005490
198020721 337357518
198020721 54941426
198020721 20961822
198020721 72842277
12006842 17035423
12006842 52278768
12006842 77222453
12006842 14463815
18455693 914004163
18455693 402484103
18455693 206147692
18455693 82418992
18455693 391378542
18455693 105069133
18455693 356686237
18455693 46001558
18455693 5860902
18455693 372548499
18455693 14434647
18455693 46995382
18455693 5709522
18455693 573918122
18455693 829442994
18455693 16529427
18455693 37461873
18455693 451604418
18455693 27954329
18455693 14079965
18455693 222739462
18455693 65991339
18455693 12756212
18455693 44498216
18455693 52546658
18455693 18749263
18455693 19030439
18455693 151657627
18455693 49636984
18455693 36658279
18455693 80525871
18455693 310951862
18455693 384861656
18455693 477079706
18455693 232743364
18455693 525931344
18455693 417533505
18455693 104667619
18455693 120965481
18455693 24415019
18455693 33341173
18455693 55354528
18455693 22193361
209108530 69479009
209108530 251493492
35781889 18055918
35781889 54201256
15739494 37726590
15739494 16996207
15739494 26559241
15739494 32535236
15739494 134870834
15739494 268654812
17772540 28153357
17772540 22557395
17772540 89645861
17772540 19685814
17772540 132709474
17772540 17121216
17772540 46713
17772540 16944165
133060101 90801102
133060101 53946354
133060101 441224521
133060101 339398952
133060101 55276856
133060101 221504610
130394484 199109210
130394484 25995096
30422794 22756869
30422794 19726785
35372517 98869258
35372517 20289614
22021978 122198864
22021978 16103414
22021978 17813234
22021978 755829115
22021978 46017944
22021978 274796721
22021978 21567649
22021978 85460092
22021978 216029598
22021978 478189025
22021978 39556282
22021978 404822011
22021978 381323090
22021978 894170666
22021978 435228319
22021978 18858050
22021978 53332981
22021978 9378802
22021978 312345433
22021978 28127638
22021978 22958269
22021978 36349420
22021978 251787256
22021978 43368546
22021978 191230526
22021978 93040337
22021978 271625720
61187080 113786934
61187080 77809363
61187080 14158681
61187080 71394203
61187080 27347119
61187080 157838879
61187080 21451533
61187080 25020797
61187080 57627904
465700933 277938968
465700933 328883955
465700933 722973
465700933 83542278
465700933 107312325
465700933 25807291
465700933 203667276
127337295 40062535
127337295 52885875
127337295 194567243
127337295 19279132
127337295 368909494
127337295 71172391
127337295 48464169
127337295 19619048
127337295 51497937
127337295 190091034
127337295 176944547
127337295 14478837
127337295 526454505
127337295 14564111
127337295 34792486
127337295 912493778
127337295 54682228
127337295 33915089
127337295 94019549
127337295 77222453
15486485 103096993
15486485 135603995
15486485 175626751
15486485 16996451
15486485 318454172
15486485 17037382
15486485 23977213
15486485 7829912
15486485 292855206
15486485 336453503
15486485 374410861
15486485 388096907
15486485 330533501
15486485 53802986
15486485 221
19939931 111906220
19939931 27403610
20820158 119738773
20820158 188578724
20820158 26552805
21029359 355163433
21029359 36263400
21029359 402760353
21029359 234245484
21029359 603923869
21029359 199440083
21029359 71831467
21029359 100314823
21029359 42280682
21029359 474535895
21029359 14837913
21029359 478728369
21029359 31073636
21029359 91390346
21029359 772860440
21029359 107103426
21029359 313391154
21029359 48407302
21029359 281346429
21029359 180538175
21029359 218752337
21029359 152989771
21029359 22451675
21029359 856954699
21029359 106136569
21029359 147440358
21029359 21929393
21029359 24920057
21029359 43493639
21029359 42476618
21029359 365080193
21029359 45117536
21029359 75081036
21029359 37429277
21029359 155230762
21029359 15723528
21029359 34716130
21029359 48116802
21029359 155770419
21029359 25684226
21029359 7698032
21029359 65181068
21029359 149260664
21029359 445107982
18268138 83150121
18268138 16988154
22840917 28272685
22840917 42504609
22840917 88001665
22840917 14464529
22840917 14346631
22840917 18107739
22840917 209706754
22840917 63810828
22840917 54022249
22840917 70468326
22840917 23928382
22840917 15461087
22840917 48238960
22840917 16552569
103493067 14465146
103493067 23910165
103493067 86114906
103493067 23253789
93550590 423012432
93550590 876078565
93550590 24704882
93550590 73031522
93550590 70553160
93550590 27254946
93550590 32926555
93550590 252265794
93550590 20744057
661613 70789725
661613 38310604
661613 17037382
661613 9378802
661613 65569424
227576375 374691968
227576375 22890047
227576375 22279004
227576375 14699665
227576375 49986500
227576375 15853454
227576375 156314187
227576375 21915340
227576375 251972530
227576375 25516222
227576375 16106522
227576375 167535120
227576375 71390388
227576375 563849409
8067002 11142612
8067002 130886570
17687436 117600538
17687436 26558549
119445755 15025300
119445755 356342320
119445755 801698126
119445755 537506134
119445755 253640433
119445755 588559211
119445755 111984730
119445755 133042362
119445755 35056301
119445755 23027160
119445755 28571999
8732322 40381716
8732322 134971995
8732322 6781652
8732322 127596235
8732322 21316253
8732322 15852644
778057 26878373
778057 306055253
778057 458328611
778057 14424995
778057 24760283
778057 20757234
778057 17007983
778057 18270755
778057 18104204
778057 201946312
778057 18791637
778057 44342211
778057 15275330
778057 606702523
778057 8690902
778057 36605418
778057 54993015
778057 26214905
778057 240271603
19549007 6164712
19549007 16980711
327461294 216843920
327461294 36210484
327461294 108962139
327461294 17905102
3311501 830338478
3311501 14283004
15804945 27826720
15804945 24166630
15804945 103680282
16564282 19569734
16564282 464431420
16564282 370189868
16564282 50720334
16564282 64232104
16564282 106427909
16564282 33340632
16564282 154265521
16564282 32487740
16564282 358512294
16564282 20629966
16564282 70882212
16564282 598528978
405970201 42666054
405970201 517857314
405970201 164893215
405970201 166006702
405970201 18168543
508283667 600236528
508283667 117598837
508283667 98358266
15937025 19346185
15937025 14552083
15937025 112337569
15937025 34045492
15937025 83563538
15937025 68892721
15937025 462154872
15937025 82484910
15937025 52885875
15937025 140114311
15937025 16689949
15937025 214164709
15937025 18960911
15937025 175504441
15937025 54755765
15937025 36749249
15937025 238351966
15937025 20801739
15937025 727603
15937025 416337741
15937025 14605681
15937025 390876688
15937025 27045907
15937025 28706561
15937025 16511202
15937025 355267845
15937025 29651807
15937025 32673337
15937025 16927882
15937025 46019124
15937025 25661441
15937025 15122436
15937025 7438792
15937025 116355670
15937025 28503375
15937025 979991
240271603 18586710
240271603 215987181
24860652 170856296
24860652 52363654
24860652 346259128
24860652 17664186
24860652 22363798
24860652 766658
24860652 246157057
24860652 70890086
24860652 17623882
24860652 18265758
24860652 18924074
24860652 385782292
24860652 36320459
24860652 14263009
24860652 37871411
24860652 17918476
24860652 346878915
24860652 26870652
24860652 19476729
24860652 389793525
24860652 63404417
15309804 242206344
15309804 101117990
15309804 151045752
15309804 14070152
15309804 22177859
15309804 24878716
15309804 446452850
15309804 21360825
15309804 21148512
15309804 17640002
15309804 816380474
15309804 518497840
15309804 481320487
15309804 368881253
15309804 297742592
15309804 301462302
15309804 25102145
15309804 104348223
15309804 162181033
15309804 120476003
15309804 241732147
15309804 426834804
15309804 240352121
15309804 24834880
15309804 8032672
15309804 30504866
15309804 22315902
15309804 41935955
15309804 11162562
15309804 36953109
15309804 88994999
15309804 584128889
15309804 70762179
15309804 25893199
15309804 907114416
15309804 17637121
15309804 128271717
15309804 49749552
15309804 18405412
15309804 15580650
15309804 113437689
17590516 384877345
17590516 16380856
17590516 14285194
17590516 33726503
17590516 20981610
17971457 17348300
17971457 14603261
19002348 341966464
19002348 823417087
20342387 18168543
20342387 123425024
20342387 48026066
20342387 49854724
11736562 23521906
11736562 16649452
11736562 25685701
11736562 381316900
11736562 39988489
11736562 16031797
11736562 20008735
11736562 19153926
11736562 83891821
11736562 17013072
29116505 425592435
29116505 51332560
29116505 58972284
29116505 18594789
15817213 113158562
15817213 41278306
15817213 121247595
15817213 62620294
15817213 91857482
35220964 231619434
35220964 123269123
35220964 35919873
15604930 132011456
15604930 20640999
55419844 559715268
55419844 502300026
55419844 299807306
55419844 281292420
62534885 169218489
62534885 43702542
21782956 369959758
21782956 31107588
14712659 325745714
14712659 24133394
14712659 19467126
14712659 893706301
14712659 46811931
20998647 341201904
20998647 906548496
20998647 423646954
20998647 192032881
20998647 882413089
20998647 27829804
20998647 524351423
20998647 556411500
20998647 56715174
20998647 906443960
20998647 160762669
20998647 55811025
20998647 143419034
20998647 14546284
20998647 17556268
20998647 20659392
20998647 147902687
20998647 31423707
20998647 446630825
20998647 3421641
20998647 896192191
20998647 38217691
20998647 289701715
20998647 540098106
20998647 348673240
20998647 262995344
20998647 15561483
20998647 342895228
20998647 124317860
20998647 388560123
20998647 44626022
20998647 281506811
20998647 16023163
20998647 274226307
20998647 24453408
20998647 346344266
20998647 421392080
137036008 522319081
137036008 24918780
43905579 71231243
43905579 731953986
36047098 25691224
36047098 273526204
36047098 14428875
36047098 15319474
36047098 21071916
36047098 116750769
36047098 15789483
36047098 233913342
661613 208128629
661613 532759803
8732322 15950084
8732322 135011208
212320989 36464861
212320989 444282561
212320989 51378153
212320989 35075222
212320989 234980759
212320989 25147207
212320989 31184479
212320989 621332166
212320989 22958269
212320989 22989518
212320989 142957691
212320989 135316852
212320989 27136931
212320989 24446946
212320989 39188935
212320989 19984576
212320989 57287809
212320989 41039188
212320989 36601491
212320989 91917519
212320989 463056393
212320989 70262209
212320989 587226288
212320989 423609052
212320989 32228666
212320989 706174453
212320989 41002464
212320989 41680348
212320989 261337129
212320989 77620892
212320989 193195447
212320989 381184395
212320989 169298718
212320989 28543392
212320989 19592703
212320989 596049507
212320989 30406100
212320989 20418468
212320989 375196125
53429839 283113965
53429839 46744010
53429839 105703329
53429839 36683305
53429839 245216538
53429839 18411115
53429839 132379688
53429839 16052274
53429839 55547920
53429839 65190796
38356085 328075326
38356085 28580776
22035690 47634913
22035690 248852538
22035690 217540802
22035690 287360036
22035690 383092900
22035690 159749038
22035690 902890243
22035690 87629437
22035690 199086683
22035690 152754033
22035690 22288020
22035690 14474729
22035690 120495372
22035690 329893354
22035690 40193389
22035690 289521573
22035690 59564136
22035690 18523060
22035690 133902645
22035690 20521576
22035690 522689480
22035690 26671510
22035690 252919233
22035690 28716211
22035690 826211341
22035690 450802131
22035690 21687930
22035690 220134458
22035690 156678005
22035690 111678990
22035690 18488014
22035690 365539142
22035690 71921001
22035690 46133983
22035690 240697075
22035690 228365104
22035690 17032050
24394998 409611594
24394998 21460946
91836238 16911666
91836238 372083466
91836238 25487534
67613844 15193839
67613844 18900977
67613844 48316733
67613844 15380166
67613844 151893949
67613844 151377901
67613844 357243504
67613844 294581541
67613844 81364061
67613844 17176146
67613844 56875331
67613844 323918490
67613844 14938571
67613844 5403442
67613844 25965123
67613844 20819199
67613844 39137525
67613844 27902203
67613844 109122610
67613844 29415463
67613844 103112659
67613844 73638927
19951102 351042945
19951102 379207097
288093990 357264605
288093990 189935217
44270952 97924108
44270952 362767145
44270952 19212994
10414222 17973783
10414222 48280574
10414222 256381802
10414222 86746766
52615210 35598165
52615210 322857870
52615210 176551674
52615210 17300493
52615210 18937941
52615210 5895742
52615210 193590225
52615210 201870454
52615210 379456101
52615210 49196232
52615210 22033345
52615210 208128629
52615210 597728405
52615210 50746106
52615210 183388439
52615210 16376959
52615210 50070919
52615210 25490135
52615210 499933503
52615210 152315167
52615210 14772472
52615210 17500516
52615210 34391224
52615210 2030711
21572351 256328809
21572351 731616690
39257389 103126105
39257389 115295189
39257389 71994822
39257389 54441866
39257389 9538222
39257389 23412474
39257389 15444589
39257389 210682982
39257389 290675183
39257389 114981700
39257389 33787662
39257389 103384284
39257389 91644300
39257389 205700488
39257389 27050357
17378355 190357856
17378355 33127829
23127185 25117958
23127185 252265794
23127185 423886134
24230748 41614761
24230748 53717668
24230748 35879221
26090755 230479637
26090755 222290129
20749160 581474528
20749160 163422349
18736115 33812949
18736115 26944403
18736115 17493481
17845257 323880692
17845257 16438613
17867191 414036285
17867191 59583520
103392633 856294566
103392633 769984165
103392633 480875726
103392633 9821152
103392633 29249814
103392633 116536630
259725229 18067650
259725229 71322279
259725229 505680818
259725229 584204619
259725229 16230565
27982422 300029100
27982422 52625930
27982422 50789887
27982422 36941068
27982422 509561504
27982422 32710276
27982422 597182444
16677622 28022718
16677622 11885742
6648772 14230856
6648772 22003184
6648772 15965346
6648772 14242030
112283476 294937652
112283476 18658565
112283476 20199629
112283476 318018593
533297878 91118289
533297878 22704939
533297878 29164763
533297878 211390583
533297878 22740880
533297878 164929952
533297878 134430704
533297878 19363120
533297878 550010708
533297878 148761442
533297878 25445946
533297878 262302919
533297878 14305673
5722742 19064084
5722742 18896926
5722742 223341100
5722742 593340542
5722742 193853514
5722742 25251306
5722742 23884736
5722742 70625556
5722742 73979760
5722742 24230458
5722742 465828237
5722742 275900799
5722742 14362370
5722742 17278949
5722742 22113470
5722742 9078992
5722742 796768988
5722742 789838819
5722742 22729305
5722742 322937849
5722742 87288065
5722742 459802961
5722742 19743831
5722742 329541199
5722742 151700390
5722742 100079680
5722742 27587954
5722742 1221351
5722742 50294443
5722742 361389221
5722742 151895123
5722742 22432594
5722742 18521125
5722742 425598350
5722742 30543588
5722742 346781338
5722742 38609456
5722742 913636094
5722742 4315751
5722742 148572764
5722742 239479472
5722742 423609052
53530962 21438425
53530962 197160789
53530962 19150757
53530962 74033044
16929450 902890243
16929450 574451123
16929450 61805211
9853212 84096747
9853212 46923131
110332354 460593380
110332354 146871639
110332354 188951694
110332354 149717869
110332354 483750630
38519827 21386181
38519827 17120389
38519827 30835599
38519827 21619483
38519827 15360184
38519827 26534989
16301914 53893672
16301914 22687382
16301914 27897029
16301914 234876115
16301914 307901819
16301914 351326687
16301914 120556988
212320989 19272528
212320989 273163401
212320989 30918108
212320989 15210258
212320989 361916849
212320989 14065134
212320989 448072114
212320989 187695475
212320989 13072282
212320989 21604839
212320989 22958269
212320989 396885137
212320989 529855587
212320989 105938373
212320989 184401439
212320989 112275605
212320989 49075668
212320989 15894712
212320989 912490308
212320989 23232840
212320989 96619844
212320989 242538775
212320989 183085693
212320989 28590965
212320989 19516405
212320989 27142088
212320989 218284934
212320989 24889632
212320989 325770121
212320989 139119176
212320989 43630086
212320989 18257408
212320989 49464307
212320989 26524285
212320989 463056393
212320989 339421076
212320989 798747026
212320989 19474957
212320989 17879454
212320989 47485343
212320989 97481887
30892032 376039577
30892032 550615039
30892032 17942553
30892032 419214100
30892032 17835953
30892032 42739985
30892032 15994109
13361042 466690752
13361042 31499862
13361042 16477620
13361042 22588145
54222784 19096822
54222784 259900419
54222784 160922375
54222784 92547778
330378192 12893962
330378192 38153644
330378192 27324361
122226401 38368034
122226401 20732398
122226401 22860531
122226401 179931493
8273 15082641
8273 19024528
8273 32160290
8273 15042927
14248451 296078927
14248451 17923635
14248451 15370604
14248451 8847052
14248451 329541199
19024819 106804306
19024819 148962007
19024819 37540094
32790965 313589751
32790965 134784485
25408466 17035648
25408466 23827857
7803722 260744184
7803722 20946303
13001192 775180046
13001192 214713089
13001192 173307966
13001192 21951758
233276216 59849829
233276216 31695853
233276216 18221556
233276216 228234754
233276216 33350247
233276216 246528741
233276216 47754214
233276216 25229481
233276216 79896313
233276216 45420091
20479813 409611493
20479813 57938347
20479813 848021580
20479813 66700842
20479813 56754220
20479813 23368167
20479813 861979226
20479813 340129009
20479813 90776222
20479813 73345359
20479813 287739387
20479813 192998713
20479813 24179727
20479813 897748219
20479813 172228717
20479813 242815160
20479813 906377792
20479813 284063010
20479813 320428016
20479813 288608461
20479813 178931562
20479813 19429857
20479813 150463029
20479813 66728190
20479813 497731840
20479813 110669159
20479813 152592179
20479813 105976233
20479813 404720772
20479813 56072375
20479813 573091503
20479813 38228715
20479813 185907699
20479813 278217810
20479813 50402772
20479813 26390560
20479813 823896637
20479813 460745196
76855137 302838204
76855137 228903417
76855137 59321313
33609160 199786308
33609160 258461123
33609160 32904543
22222026 357088490
22222026 468919165
22222026 17941445
22222026 15725428
22222026 19379404
22222026 62038725
22222026 34940671
22222026 281908106
22222026 44469158
22222026 15726627
22222026 183041808
22222026 193384741
22222026 297723466
312194762 584196726
312194762 24013642
312194762 876078565
312194762 463425568
312194762 544690910
25177125 45768832
25177125 76259010
49457533 40156330
49457533 23279989
16214545 43409193
16214545 9781132
16214545 24205112
16214545 91449842
16214545 42764854
16214545 27476081
16214545 8951382
16214545 21344770
16214545 54441681
16214545 190340842
16214545 39801882
16214545 39839409
16214545 273792908
16214545 165591150
16214545 20446073
16214545 273758664
16214545 107886768
16214545 14744280
16214545 113444250
16214545 16898891
16214545 16364925
24091188 15322393
24091188 38261820
14765280 32313613
14765280 462656138
382442573 59567851
382442573 256303304
382442573 251509803
23808281 30918401
23808281 80720126
52209695 16299213
52209695 162973297
52209695 176649746
27988942 191645694
27988942 114297265
27988942 214681712
70561899 43331030
70561899 29003020
70561899 190996147
70561899 69150613
70561899 61322003
70561899 30228032
70561899 35993064
70561899 176460872
70561899 41721852
70561899 169652145
40758652 19273004
40758652 561427871
17537467 349619442
17537467 142475128
18635843 379993154
18635843 205415180
18635843 438939655
18635843 79292564
18635843 5860192
18635843 157880590
18635843 145571668
18635843 189827196
18635843 220552902
18635843 18134380
18635843 20275189
18635843 456640876
72277004 175176750
72277004 190322285
785421720 107274857
785421720 53122648
785421720 39075680
785421720 426287682
785421720 15064088
785421720 330012953
785421720 15397860
785421720 177194912
785421720 243406327
785421720 522567116
785421720 257896577
785421720 557407764
785421720 270091796
785421720 441508464
785421720 50949612
785421720 83725033
785421720 15843128
785421720 77637633
785421720 36843013
785421720 846847027
785421720 74169367
785421720 2712431
785421720 22747144
785421720 25962046
785421720 71460788
785421720 621516838
785421720 343078094
785421720 49527047
785421720 15051900
785421720 237976768
785421720 14503496
785421720 17698263
785421720 581636610
785421720 117251490
785421720 527203561
785421720 405701793
785421720 604126211
785421720 123974066
785421720 31640532
785421720 24481349
23545095 34521445
23545095 161508874
82109274 125766687
82109274 14729337
82109274 180627186
82109274 27555159
226741386 109150058
226741386 148237169
226741386 14083186
226741386 161319475
19071682 346159955
19071682 24862854
19071682 831221011
19071682 16223106
19071682 80875957
19071682 576771555
19071682 30000487
19071682 72740377
19071682 58508737
19071682 21832802
19071682 38579352
19071682 12894782
19071682 344241245
19071682 24134935
19071682 248228084
19071682 43630086
19071682 172773263
19071682 127041581
19071682 278025625
19071682 433101744
19071682 222819660
19071682 483284122
19071682 14169019
19071682 340979990
19071682 16753122
19071682 864818498
19071682 33311801
19071682 26278435
19071682 212290366
19071682 37124128
19071682 386338842
19071682 42306514
19071682 15062510
19071682 468010176
19071682 603141570
19071682 13250642
19071682 29115276
19071682 433056772
19071682 123259124
19071682 166707534
32358289 379824602
32358289 27395233
32358289 28091521
134647910 166840741
134647910 16641613
134647910 443470512
134647910 360355908
134647910 228826840
134647910 16641192
134647910 21111527
134647910 20160171
134647910 409513652
134647910 24206706
134647910 449334687
134647910 268663213
134647910 251422261
134647910 55171421
134647910 483345369
134647910 23523560
18641695 167180637
18641695 16912892
18641695 309950667
27801000 61447641
27801000 17275631
27801000 388194472
27801000 56177503
27801000 20787052
88824652 830581178
88824652 42983585
88824652 219522817
32489306 42152594
32489306 448204063
32489306 23496693
754485 127015165
754485 32148675
754485 14629182
754485 58131066
754485 18825613
75630518 571827312
75630518 16426463
75630518 116786271
98006937 261916149
98006937 425580734
26350330 406742594
26350330 150754332
26350330 347082430
26350330 331727983
26350330 333466694
26350330 199723335
26350330 30143387
21543264 91367812
21543264 19193346
21543264 41206326
25575859 319921319
25575859 328522117
25575859 24191318
25575859 234906388
25575859 34485273
25575859 26222379
25575859 28368053
25575859 52904055
25575859 590527207
25575859 14705603
23465125 718643898
23465125 313926246
22883726 807604518
22883726 15276454
22883726 155602730
22883726 160941150
22883726 277336305
22883726 5736542
22883726 261226604
22883726 15719910
22883726 233665144
22883726 317147081
22883726 161746034
22883726 61932305
22883726 4899651
22883726 298275641
22883726 175956364
22883726 59651190
22883726 17812208
22883726 187587333
22883726 22926853
22883726 233094423
22883726 338418594
22883726 19653194
22883726 15119114
22883726 138269964
22883726 467968290
22883726 14268878
22883726 18300149
22883726 32130563
22883726 15870244
22883726 30894488
22883726 30012419
22883726 19935691
22883726 103078922
22883726 495110495
22883726 116792752
22883726 15275864
22883726 718539512
22883726 73211338
22883726 45144995
96929963 179045851
96929963 243669251
96929963 546143035
96929963 76030793
96929963 273813464
96929963 41932411
96929963 35583898
96929963 26155874
96929963 26394448
96929963 491553735
96929963 16347561
17732182 913777795
17732182 101503534
17732182 16678332
17732182 73635356
245454146 22844639
245454146 377704774
245454146 23518393
14694538 424802681
14694538 79339353
14694538 137843248
14694538 356650328
14694538 68698703
14694538 364696531
14694538 36255721
113430220 900923659
113430220 348896367
113430220 309419714
16666806 233660858
16666806 580074057
16666806 16343441
16666806 34047049
16666806 108512857
6392972 150984722
6392972 2364531
6392972 324002246
6392972 15957448
6392972 156370763
6392972 16177379
103558465 53942044
103558465 53172168
14765253 618859633
14765253 37361239
51288508 269532179
51288508 54703783
51963389 312086463
51963389 9797472
51963389 64614463
51963389 17131659
51963389 89043072
51963389 22542585
613632476 116625791
613632476 756190783
164412502 18300392
164412502 247002463
164412502 15655520
164412502 330771231
164412502 360777025
164412502 108453367
164412502 16740449
164412502 150514132
164412502 15757611
164412502 15808633
164412502 6868422
164412502 23321640
164412502 12034642
164412502 18138948
164412502 18424062
164412502 19147157
164412502 250784170
164412502 107886768
164412502 274714666
164412502 891853765
164412502 29343781
164412502 91829994
164412502 25509970
164412502 232034971
164412502 35349143
164412502 154498853
164412502 226654900
164412502 18195001
164412502 14818663
164412502 16539202
661173 8822562
661173 4776141
14268564 55353931
14268564 39171522
14268564 27724697
26003862 76710425
26003862 744087534
26003862 39171522
26003862 186336367
26003862 34280715
26003862 40552417
26003862 10022742
26003862 197607207
26003862 244670752
26003862 310779659
26003862 308266617
26003862 567828871
26003862 25426402
26003862 35824740
26003862 253652516
26003862 381912651
26003862 89052670
26003862 186496117
26003862 224881226
26003862 16804920
26003862 43546797
26003862 15554016
26003862 15202335
26003862 24213525
26003862 155822584
26003862 280153685
26003862 596049507
26003862 193500676
26003862 94019549
26003862 152401104
26003862 831687534
26003862 17175717
26003862 77222453
26003862 111577681
26003862 387734267
16077204 18136196
16077204 16594918
16077204 26960607
15087488 50048748
15087488 24122822
15087488 20894095
15087488 23622272
15087488 132337518
15087488 90323300
15087488 15702895
15087488 34187392
15087488 2241411
15740491 15552719
15740491 26427202
15740491 27933517
15740491 40094494
15740491 18852633
15740491 620699429
15740491 578424370
15740491 818814906
913515222 18800840
913515222 3232
37146259 31018876
37146259 199171176
37146259 14741101
37146259 10879162
37146259 17035648
37146259 163594819
37146259 276088570
37146259 19710627
37146259 17199609
37146259 318018593
37146259 117647307
37146259 237530441
19787735 35161752
19787735 79544653
19787735 14187801
19787735 7695942
19787735 38428725
405970201 153596475
405970201 517857314
405970201 177034297
808627 101762851
808627 175399223
808627 251229402
808627 322937849
808627 9696792
808627 59848948
808627 14681974
808627 26905232
808627 42244435
808627 350283177
808627 19616730
808627 159980075
808627 49658392
808627 6153072
808627 15693842
808627 14430452
808627 46713
448569955 905293891
448569955 31642416
448569955 20615276
448569955 183036128
448569955 820802311
448569955 22417730
448569955 78563016
448569955 23043699
448569955 25787812
448569955 19684822
448569955 85447178
448569955 236558198
448569955 36255721
22860531 284737750
22860531 616978859
22860531 336453503
5845492 245740404
5845492 18379224
5845492 21606848
5845492 16492229
5845492 1934671
5845492 14398864
5845492 15825290
5845492 4148811
5845492 42259271
5845492 16087279
5845492 18567416
5845492 18201787
5845492 17623597
5845492 15829574
5845492 394123460
5845492 153636036
5845492 187355458
5845492 21069075
5845492 341274869
5845492 811449582
5845492 166845078
5845492 269124023
5845492 10621932
5845492 18255185
5845492 130967472
5845492 357425652
5845492 17950133
5845492 47239788
5845492 47617232
5845492 308594287
5845492 15099335
5845492 16681775
5845492 824157
5845492 910241
5845492 778057
14066024 621528736
14066024 16877841
14066024 16406712
14066024 293786612
14066024 21555435
14066024 18135597
14066024 16972945
14066024 90964240
14066024 16116384
14066024 293251363
14066024 27022594
14066024 22852068
12034642 3258511
12034642 102590575
52615210 184290502
52615210 14076617
52615210 277168821
52615210 22402632
52615210 49633388
52615210 16106584
52615210 1887491
52615210 534323586
52615210 367808555
52615210 27955128
52615210 15914986
52615210 20115368
52615210 21836349
52615210 107587594
52615210 82491197
52615210 224088898
52615210 223978695
39518712 42843996
39518712 245932870
39518712 123048527
39518712 89339986
24651708 18615636
24651708 15530369
24651708 35470915
24651708 336296911
210710968 6682292
210710968 139159502
210710968 445969300
151617922 38359316
151617922 344256357
151617922 732198674
151617922 76147467
151617922 17477711
151617922 21364666
151617922 517212934
151617922 36969470
24786580 64770478
24786580 330710030
6516132 460566974
6516132 1254751
6516132 16229694
6516132 15418191
6516132 106640186
6516132 13108962
6516132 138319439
6516132 784555
17853163 14224191
17853163 14148211
848901 799630
848901 85819105
37208326 21255481
37208326 18822640
37208326 15201979
37208326 14096403
37208326 148962007
18884857 349289668
18884857 300388340
18884857 11589752
18884857 15583260
18884857 289184001
18884857 108409109
18884857 242027897
18884857 389710744
18884857 387384450
18884857 266833784
18884857 159146973
18884857 319036081
18884857 43433353
18884857 54596810
18884857 333616680
18884857 903141979
18884857 165888006
456794981 561427871
456794981 6781652
456794981 28685024
456794981 20625290
456794981 281655401
456794981 386251278
37684051 128271717
37684051 53589597
355248308 435404940
355248308 597141549
18697941 48051795
18697941 12006842
18635843 420917610
18635843 430373934
18635843 169824256
18635843 146448237
18635843 734225911
18635843 16164146
16392449 111750578
16392449 28011100
66213051 247814874
66213051 606078947
66213051 139199207
15374351 15088434
15374351 15386144
50076019 266065293
50076019 84926600
778057 68541339
778057 49666447
778057 42768424
778057 27182495
18571616 225423130
18571616 26449459
18954631 24887205
18954631 68239329
19845137 49533265
19845137 210224326
211217112 77755051
211217112 15730608
186187675 355178896
186187675 262815580
75630518 339487249
75630518 104900245
75630518 174143478
75630518 41720539
75630518 11151652
75630518 93677997
75630518 132011456
75630518 21442867
75630518 546237346
75630518 196429200
75630518 399184212
75630518 32588345
75630518 45636701
75630518 21149162
274782243 621094720
274782243 31272506
116848980 809913624
116848980 24211656
49650895 88784863
49650895 23135864
49650895 274290892
49650895 34762229
15463671 570043126
15463671 24016690
15463671 17652703
15463671 723934572
15463671 170910644
15463671 44203766
15463671 796100784
15463671 47737341
15463671 27376142
15463671 303277475
15463671 17876545
15463671 25359046
15463671 82491197
15463671 213863568
15463671 68747308
15463671 18184729
15463671 12612432
15463671 165594535
15463671 189409897
15463671 46916472
15463671 499455731
15463671 342483183
15463671 630970945
15463671 48436437
15463671 89956767
15463671 22324095
15463671 49136122
15463671 16383235
15463671 387416764
15463671 588853221
15463671 152315167
15463671 73032528
15463671 15388213
15463671 403908693
15463671 196840526
15463671 337872001
15463671 15955836
15463671 177760832
15463671 407343524
15463671 35296768
15463671 24002724
18320052 176115211
18320052 19655965
18320052 41475574
18320052 213479353
18320052 892097461
18320052 21274843
18320052 19111296
18320052 86071142
18320052 151986157
18320052 27487066
18320052 58706020
18320052 19829012
18320052 34425477
18320052 107966185
18320052 357090691
18320052 767036004
18320052 729754908
18320052 832405118
18320052 326994031
18320052 431228645
18320052 630864785
18320052 536646582
18320052 282396403
18320052 217927832
22883726 38458260
22883726 17070670
22883726 15113816
22883726 91834432
133923294 260169484
